#TEL CH ROC  RZ           RY           X            Y            Z           (dX)         (dY)
# RAW 4 PLANES UNTIL 2015 ----------------------------------------------------------------------------
 -1   1   0  +0.0000e+00               +0.0000e+00  +0.0000e+00  +1.0160e+01
 -1   1   1  +0.0000e+00               +0.0000e+00  +0.0000e+00  +8.1280E+00
 -1   1   2  +0.0000e+00               +0.0000e+00  +0.0000e+00  +2.0320e+00
 -1   1   3  +0.0000e+00               +0.0000e+00  +0.0000e+00  +0.0000e+00
# RAW 4 PLANES FROM 2016 -----------------------------------------------------------------------------
 -2   1   0  +0.0000e+00               +0.0000e+00  +0.0000e+00  +1.4224e+01
 -2   1   1  +0.0000e+00               +0.0000e+00  +0.0000e+00  +1.2192e+01
 -2   1   2  +0.0000e+00               +0.0000e+00  +0.0000e+00  +2.0320e+00
 -2   1   3  +0.0000e+00               +0.0000e+00  +0.0000e+00  +0.0000e+00
# RAW 6 PLANES ---------------------------------------------------------------------------------------
 -3   1   0  +0.0000e+00               +0.0000e+00  +0.0000e+00  +1.6256E+01
 -3   1   1  +0.0000e+00               +0.0000e+00  +0.0000e+00  +1.4224e+01
 -3   1   2  +0.0000e+00               +0.0000e+00  +0.0000e+00  +2.0320e+00
 -3   1   3  +0.0000e+00               +0.0000e+00  +0.0000e+00  +0.0000e+00
 -3   1   4  +0.0000e+00               +0.0000e+00  +0.0000e+00  +6.0960e+00
 -3   1   5  +0.0000e+00               +0.0000e+00  +0.0000e+00  +1.0160e+01
# RAW 7 PLANES ---------------------------------------------------------------------------------------
 -4   1   0  +0.0000e+00               +0.0000e+00  +0.0000e+00  +1.6256E+01
 -4   1   1  +0.0000e+00               +0.0000e+00  +0.0000e+00  +1.4224e+01
 -4   1   2  +0.0000e+00               +0.0000e+00  +0.0000e+00  +2.0320e+00
 -4   1   3  +0.0000e+00               +0.0000e+00  +0.0000e+00  +0.0000e+00
 -4   1   4  +0.0000e+00               +0.0000e+00  +0.0000e+00  +6.0960e+00
 -4   1   5  +0.0000e+00               +0.0000e+00  +0.0000e+00  +8.1280e+01
 -4   1   6  +0.0000e+00               +0.0000e+00  +0.0000e+00  +1.0160e+01
# TELESCOPE 6 ----------------------------------------------------------------------------------------
  6   1   0  +0.0000e+00               +0.0000e+00  +0.0000e+00  +1.6256e+01
  6   1   1  +9.1065e-03               +6.0316e-02  +7.2411e-02  +1.4224e+01
  6   1   2  +1.2688e-02               +3.3135e-03  +1.4668e-01  +2.0320e+00
  6   1   3  +1.3844e-02               +4.9228e-03  +1.4771e-01  +0.0000e+00
  6   1   4  +1.1419e-02               +1.4885e-02  -1.5121e-01  +6.0960e+00
  6   1   5  +1.3483e-02               -1.0925e-02  -1.5427e-01  +8.1280e+00
  6   1   6  +2.3693e-03               -7.4113e-02  -4.2629e-02  +1.0160e+01
# TELESCOPE 7 ----------------------------------------------------------------------------------------
  7   1   0  +0.0000e+00               +0.0000e+00  +0.0000e+00  +0.0000e+00
  7   1   1  -1.9393e-02               -6.6794e-02  -3.1503e-03  +2.0320e+00
  7   1   2  +1.3750e-02               +3.2524e-02  -1.6244e-02  +8.1280e+00
  7   1   3  -1.0784e-02               -1.0397e-02  +1.7881e-03  +1.0160e+01
# TELESCOPE 8 ----------------------------------------------------------------------------------------
  8   1   3  +0.0000e+00               +0.0000e+00  +0.0000e+00  +0.0000e+00
  8   1   2  -1.9393e-02               -6.6794e-02  -3.1503e-03  +2.0320e+00
  8   1   1  +1.3750e-02               +3.2524e-02  -1.6244e-02  +2.2352e+01
  8   1   0  -1.0784e-02               -1.0397e-02  +1.7881e-03  +2.4432e+01
# TELESCOPE 9 ----------------------------------------------------------------------------------------
  9   1   0  +0.0000e+00               +0.0000e+00  +0.0000e+00  +1.0160e+01  +1.1945e-02  +1.1548e-02
  9   1   1  -2.2675e-02               +3.9327e-02  -1.4030e-02  +8.1280e+00  +8.8718e-03  +6.7590e-03
  9   1   2  +1.5267e-03               +1.1630e-02  -3.3558e-02  +2.0320e+00  +8.4863e-03  +7.9586e-03
  9   1   3  -4.6964e-03               +1.8879e-02  -3.1336e-02  +0.0000e+00  +8.8196e-03  +8.3718e-03
# TELESCOPE 10 ----------------------------------------------------------------------------------------
 10   1   0  +0.0000e+00               +0.0000e+00  +0.0000e+00  +1.6256e+01
 10   1   1  -1.3822e-02               +3.5689e-02  +2.4845e-03  +1.4224e+01
 10   1   2  -9.8870e-03               +1.7427e-02  +5.2124e-02  +2.0320e+00
 10   1   3  -2.0566e-02               +8.1706e-02  +6.5685e-02  +0.0000e+00
 10   1   4  -3.4643e-03               -4.1104e-02  -1.7313e-01  +6.0960e+00
 10   1   5  -1.2974e-02               -3.8276e-02  -1.7071e-01  +8.1280e+00
 10   1   6  -2.1946e-02               -6.9472e-02  -5.4339e-02  +1.0160e+01
# TELESCOPE 11 ----------------------------------------------------------------------------------------
 11   1   0  +0.0000e+00               +0.0000e+00  +0.0000e+00  +1.0160e+01  +1.2158e-02  +1.1460e-02
 11   1   1  -1.9098e-02               +2.3412e-02  -2.9401e-03  +8.1280e+00  +7.0303e-03  +6.5704e-03
 11   1   2  +5.6912e-03               -5.1257e-02  -1.6976e-03  +2.0320e+00  +8.6548e-03  +7.9196e-03
 11   1   3  -9.4640e-03               +3.1014e-02  -3.8518e-03  +0.0000e+00  +9.0432e-03  +8.8114e-03
# TELESCOPE 12 ----------------------------------------------------------------------------------------
 12   1   0  +0.0000e+00               +0.0000e+00  +0.0000e+00  +1.0160e+01  +1.2535e-02  +1.2476e-02
 12   1   1  +1.3222e-02               +3.6599e-02  +5.6277e-02  +8.1280e+00  +8.3089e-03  +6.8108e-03
 12   1   2  +1.8288e-03               -9.9542e-03  +1.5075e-02  +2.0320e+00  +7.2428e-03  +8.1299e-03
 12   1   3  +1.0728e-03               -1.5077e-02  +7.3499e-04  +0.0000e+00  +8.1185e-03  +8.3533e-03
# TELESCOPE 13 ----------------------------------------------------------------------------------------
 13   1   0  +0.0000e+00               +0.0000e+00  +0.0000e+00  +1.6256e+01
 13   1   1  +3.1113e-02               +5.9948e-02  +7.3663e-02  +1.4224e+01
 13   1   2  +1.3905e-01               -4.8212e-03  +1.4792e-01  +2.0320e+00
 13   1   3  +1.4213e-01               -2.7745e-03  +1.5041e-01  +0.0000e+00
 13   1   4  +1.1360e-01               +3.9224e-02  -1.4764e-01  +6.0960e+00
 13   1   5  +8.9663e-02               +7.2818e-03  -1.5278e-01  +8.1280e+00
 13   1   6  +5.1822e-02               -6.9056e-02  -4.5903e-02  +1.0160e+01
# TELESCOPE 14 ----------------------------------------------------------------------------------------
 14   1   0  -1.0223E-03               +1.2934E-01  -3.0896E-02  +1.0160E+01  +1.2139E-02  +1.2793E-02
 14   1   1  -3.1565E-03               +1.3563E-01  +3.4808E-02  +8.1280E+00  +7.3187E-03  +6.3790E-03
 14   1   2  +1.7632E-03               -4.5668E-02  +1.9696E-02  +2.0320E+00  +9.7412E-03  +8.1849E-03
 14   1   3  +0.0000E+00               +0.0000E+00  +0.0000E+00  +0.0000E+00  +1.6844E-02  +7.5510E-03
# TELESCOPE 15 ----------------------------------------------------------------------------------------
 15   1   0  +0.0000e+00               +0.0000e+00  +0.0000e+00  +1.6256e+01
 15   1   1  +8.8535e-03               +6.5613e-02  +7.5271e-02  +1.4224e+01
 15   1   2  +8.2983e-03               +1.0138e-02  +1.5265e-01  +2.0320e+00
 15   1   3  +8.4681e-03               +8.6196e-03  +1.5375e-01  +0.0000e+00
 15   1   4  +9.2828e-03               +2.1278e-02  -1.4614e-01  +6.0960e+00
 15   1   5  +1.5186e-02               -2.4825e-03  -1.4845e-01  +8.1280e+00
 15   1   6  +1.6268e-03               -6.8384e-02  -3.8316e-02  +1.0160e+01
# TELESCOPE 16 ----------------------------------------------------------------------------------------
 16   1   0  +0.0000e+00               +0.0000e+00  +0.0000e+00  +0.0000e+00
 16   1   1  -1.8626e-02               +6.7764e-02  +1.5158e-02  +2.0320e+00
 16   1   2  +6.6656e-02               -3.1145e-02  +7.5648e-02  +8.1280e+00
 16   1   3  -4.8813e-02               +3.0346e-02  +6.5006e-02  +1.0160e+01
# TELESCOPE 17 ----------------------------------------------------------------------------------------
 17   1   0  +0.0000e+00               +0.0000e+00  +0.0000e+00  +1.4224e+01  +1.0505e-02  +9.6349e-03
 17   1   1  +6.0129e-03               +2.0773e-02  +1.6717e-02  +1.2192e+01  +7.9792e-03  +8.2076e-03
 17   1   2  -2.2253e-03               +1.6822e-02  +6.7490e-02  +2.0320e+00  +9.5815e-03  +9.9902e-03
 17   1   3  +3.0594e-03               +6.7322e-03  -8.7330e-02  +0.0000e+00  +1.0806e-02  +1.3218e-02
# TELESCOPE 18 ----------------------------------------------------------------------------------------
 18   1   0  +0.0000e+00               +0.0000e+00  +0.0000e+00  +1.4224e+01
 18   1   1  +1.3539e-02               +4.5295e-03  -1.7930e-02  +1.2192e+01
 18   1   2  -5.4197e-03               +6.4752e-02  +1.3780e-01  +2.0320e+00
 18   1   3  +6.2779e-03               -5.7097e-02  -5.4581e-02  +0.0000e+00
# TELESCOPE 19 ----------------------------------------------------------------------------------------
 19   1   0  +0.0000e+00               +0.0000e+00  +0.0000e+00  +1.4224e+01
 19   1   1  +1.3676e-02               +1.9256e-02  -6.9402e-03  +1.2192e+01
 19   1   2  +3.5701e-03               +2.6257e-02  +1.7086e-01  +2.0320e+00
 19   1   3  +5.9060e-03               +1.0393e-02  +2.3311e-02  +0.0000e+00
# TELESCOPE 20 ----------------------------------------------------------------------------------------
 20   1   0  +0.0000e+00               +0.0000e+00  +0.0000e+00  +1.4224e+01  +9.4310e-03  +1.0598e-02
 20   1   1  +1.6558e-02               -1.7826e-02  -7.7253e-03  +1.2192e+01  +8.9198e-03  +6.8769e-03
 20   1   2  +1.8929e-03               -7.8212e-03  +8.2282e-02  +2.0320e+00  +7.2806e-03  +8.0624e-03
 20   1   3  +4.8515e-03               -2.7605e-02  -7.8857e-02  +0.0000e+00  +8.6652e-03  +6.9403e-03
# TELESCOPE 21 ----------------------------------------------------------------------------------------
 21   1   0  +0.0000e+00               +0.0000e+00  +0.0000e+00  +1.6256e+01
 21   1   1  +6.4416e-04               +2.0580e-02  +2.5393e-02  +1.4224e+01
 21   1   2  +5.9939e-02               +8.5290e-02  +1.1712e-01  +2.0320e+00
 21   1   3  +5.2111e-02               +6.9613e-02  +1.1256e-01  +0.0000e+00
 21   1   4  +6.7346e-02               -1.0094e-01  -1.6625e-01  +6.0960e+00
 21   1   5  +1.3064e-01               -6.8820e-02  -1.1060e-01  +1.0160e+01
# TELESCOPE 22 ----------------------------------------------------------------------------------------
 22   1   0  +0.0000e+00               +0.0000e+00  +0.0000e+00  +1.0160e+01  +9.2525e-03  +8.0699e-03
 22   1   1  +8.7075e-04               +2.8083e-02  -4.2522e-02  +8.1280e+00  +9.2766e-03  +9.7406e-03
 22   1   2  -1.9887e-02               +1.9029e-02  -7.4689e-02  +2.0320e+00  +1.0783e-02  +1.0943e-02
 22   1   3  +7.3763e-03               +9.6814e-03  -4.8544e-02  +0.0000e+00  +1.2748e-02  +9.7025e-03
# TELESCOPE 23 ----------------------------------------------------------------------------------------
 23   1   0  +0.0000e+00               +0.0000e+00  +0.0000e+00  +1.0160e+01
 23   1   1  -4.1402e-05               +1.9380e-02  -2.8814e-02  +8.1280e+00
 23   1   2  -1.8253e-02               +2.3092e-02  -3.0807e-02  +2.0320e+00
 23   1   3  +1.0455e-02               -6.8343e-03  +3.9518e-03  +0.0000e+00
# TELESCOPE 24 ----------------------------------------------------------------------------------------
 24   1   0  +0.0000e+00               +0.0000e+00  +0.0000e+00  +1.0160e+01
 24   1   1  -8.1760e-04               +2.4793e-02  -4.2997e-02  +8.1280e+00
 24   1   2  -1.7763e-02               +1.5240e-02  -4.9573e-02  +2.0320e+00
 24   1   3  +1.0497e-02               -6.7340e-03  -3.8786e-02  +0.0000e+00
# TELESCOPE 25 ----------------------------------------------------------------------------------------
 25   1   0  +0.0000e+00               +0.0000e+00  +0.0000e+00  +1.6256e+01
 25   1   1  +1.6488e-02               -6.6896e-03  +7.3754e-03  +1.4224e+01
 25   1   2  -9.0469e-04               +8.4143e-03  +1.5452e-01  +2.0320e+00
 25   1   3  -2.1702e-02               +6.5304e-02  +1.7525e-01  +0.0000e+00
 25   1   4  -3.4817e-03               -1.0252e-02  -2.3379e-01  +6.0960e+00
 25   1   5  +9.3293e-03               -1.4465e-01  -2.4980e-01  +1.0160e+01
# TELESCOPE 26 ----------------------------------------------------------------------------------------
 26   1   0  +0.0000e+00               +0.0000e+00  +0.0000e+00  +1.4224e+01
 26   1   1  -2.9450e-03               +1.9983e-02  -1.5733e-02  +1.2192e+01
 26   1   2  -1.8008e-02               -9.1633e-02  +2.4184e-03  +2.0320e+00
 26   1   3  +1.3210e-02               -1.1226e-01  +3.6292e-02  +0.0000e+00
# TELESCOPE 27 ----------------------------------------------------------------------------------------
 27   1   0  +0.0000e+00               +0.0000e+00  +0.0000e+00  +1.4224e+01  +1.1696e-02  +1.1579e-02
 27   1   1  -1.3868e-03               +2.9421e-02  +8.3276e-03  +1.2192e+01  +6.7185e-03  +8.5158e-03
 27   1   2  -3.6855e-03               -2.4781e-02  +7.9736e-02  +2.0320e+00  +5.5276e-03  +8.1863e-03
 27   1   3  +2.6928e-02               -7.3062e-02  +1.3137e-01  +0.0000e+00  +1.9695e-02  +1.0764e-02
# TELESCOPE 28 ----------------------------------------------------------------------------------------
 28   1   0  +0.0000e+00               +0.0000e+00  +0.0000e+00  +1.4224e+01
 28   1   1  +1.5727e-03               +3.7494e-02  -2.1545e-02  +1.2192e+01
 28   1   2  -1.4203e-02               -1.8838e-02  -4.8268e-02  +2.0320e+00
 28   1   3  +1.2206e-02               -2.0067e-02  -1.7658e-02  +0.0000e+00
# TELESCOPE 29 ----------------------------------------------------------------------------------------
 29   1   0  +0.0000e+00               +0.0000e+00  +0.0000e+00  +1.6256e+01  +1.7334e-02  +1.6284e-02
 29   1   1  +1.8687e-02               -6.9991e-03  -8.3530e-03  +1.4224e+01  +1.4287e-02  +1.3335e-02
 29   1   2  +1.6030e-02               +1.3757e-03  +8.6646e-02  +2.0320e+00  +1.8691e-02  +1.5319e-02
 29   1   3  -4.2977e-03               +5.5235e-02  +1.0154e-01  +0.0000e+00  +1.9367e-02  +1.8548e-02
 29   1   4  -1.5915e-02               -1.7845e-02  -7.0872e-02  +6.0960e+00  +1.6139e-02  +2.0875e-02
 29   1   5  +3.5449e-03               +3.2863e-02  -1.4001e-01  +8.1280e+00  +1.9458e-02  +2.0332e-02
 29   1   6  +1.3035e-02               -1.6102e-01  -9.8892e-02  +1.0160e+01  +2.2566e-02  +2.4505e-02
# TELESCOPE 30 ----------------------------------------------------------------------------------------
 30   1   0  +0.0000e+00               +0.0000e+00  +0.0000e+00  +1.6256e+01
 30   1   1  +1.8219e-02               -8.8372e-03  -4.0791e-03  +1.4224e+01
 30   1   2  +1.5122e-02               +4.5136e-03  +8.7862e-02  +2.0320e+00
 30   1   3  -5.0133e-03               +5.9979e-02  +1.0002e-01  +0.0000e+00
 30   1   4  -1.8723e-02               -2.0831e-02  -6.8724e-02  +6.0960e+00
 30   1   5  +1.6529e-03               +3.0378e-02  -1.3298e-01  +8.1280e+00
 30   1   6  +1.3468e-02               -1.6345e-01  -9.1528e-02  +1.0160e+01
# TELESCOPE 31 ----------------------------------------------------------------------------------------
 31   1   0  +0.0000e+00               +0.0000e+00  +0.0000e+00  +1.4224e+01
 31   1   1  -3.4272e-03               +4.0423e-02  -9.8915e-03  +1.2192e+01
 31   1   2  -2.8583e-02               -1.2320e-02  +2.2380e-02  +2.0320e+00
 31   1   3  +6.6325e-04               -2.4018e-02  +6.8398e-02  +0.0000e+00
# TELESCOPE 32 ----------------------------------------------------------------------------------------
 32   1   0  +0.0000e+00               +0.0000e+00  +0.0000e+00  +1.4224e+01
 32   1   1  +3.2236e-03               +4.3702e-02  -1.5593e-02  +1.2192e+01
 32   1   2  -1.3775e-02               +8.9065e-02  -5.5752e-02  +2.0320e+00
 32   1   3  +1.2359e-02               +1.1403e-01  -3.0618e-02  +0.0000e+00
# TELESCOPE 33 ----------------------------------------------------------------------------------------
 33   1   0  +0.0000e+00               +0.0000e+00  +0.0000e+00  +1.4224e+01  +1.2052e-02  +1.1066e-02
 33   1   1  -6.2371e-03               +1.1524e-01  +1.1251e-02  +1.2192e+01  +8.2985e-03  +8.0979e-03
 33   1   2  -1.3328e-02               +5.0361e-02  +1.5366e-02  +2.0320e+00  +9.0398e-03  +8.5667e-03
 33   1   3  +1.2933e-02               +7.2961e-02  +5.5551e-02  +0.0000e+00  +1.0866e-02  +8.5848e-03
# TELESCOPE 34 ----------------------------------------------------------------------------------------
 34   1   0  +0.0000e+00               +0.0000e+00  +0.0000e+00  +1.6256e+01  +1.7863e-02  +1.4961e-02
 34   1   1  -7.6889e-04               +5.3789e-02  +5.5733e-02  +1.4224e+01  +1.3212e-02  +1.2250e-02
 34   1   2  -2.2909e-02               +5.2919e-02  +7.5804e-02  +2.0320e+00  +1.2645e-02  +1.1931e-02
 34   1   3  +5.3636e-03               +2.7675e-02  +8.6610e-02  +0.0000e+00  +1.5597e-02  +1.3130e-02
 34   1   4  +9.2856e-03               -3.0320e-02  -1.0629e-01  +8.1280e+00  +1.9020e-02  +2.0611e-02
 34   1   5  -2.8156e-02               -1.3611e-02  -1.3359e-01  +1.0160e+01  +2.1487e-02  +2.2430e-02
# TELESCOPE 35 ----------------------------------------------------------------------------------------
 35   1   0  -9.8203e-03               +2.8103e-02  -6.2230e-02  +1.6256e+01
 35   1   1  -1.1125e-02               +7.0717e-02  -3.1998e-03  +1.4224e+01
 35   1   2  -2.9916e-02               +2.8431e-02  +4.3348e-02  +2.0320e+00
 35   1   3  +0.0000e+00               +0.0000e+00  +0.0000e+00  +0.0000e+00
 35   1   4  +3.4795e-03               -5.5611e-02  +5.7731e-03  +6.0960e+00
 35   1   5  -1.9330e-02               +5.4438e-02  -1.1835e-01  +8.1280e+00
 35   1   6  -3.4352e-02               -5.7823e-03  -1.0381e-01  +1.0160e+01
# TELESCOPE 36 ----------------------------------------------------------------------------------------
 36   1   0  +0.0000e+00               +0.0000e+00  +0.0000e+00  +1.4224e+01
 36   1   1  -7.8183e-05               +4.8038e-02  +4.9871e-02  +1.2192e+01
 36   1   2  -1.5198e-02               +7.5644e-02  +8.9185e-02  +2.0320e+00
 36   1   3  +1.1394e-02               +6.3011e-02  +9.0192e-02  +0.0000e+00
# TELESCOPE 37 ----------------------------------------------------------------------------------------
 37   1   0  +0.0000e+00               +0.0000e+00  +0.0000e+00  +1.4224e+01
 37   1   1  -6.0340e-03               +9.4088e-02  +1.6371e-02  +1.2192e+01
 37   1   2  -1.5219e-02               +3.4780e-02  +4.5783e-02  +2.0320e+00
 37   1   3  +1.2239e-02               +5.3065e-02  +9.1220e-02  +0.0000e+00
# TELESCOPE 38 ----------------------------------------------------------------------------------------
 38   1   0  +0.0000e+00               +0.0000e+00  +0.0000e+00  +1.4224e+01
 38   1   1  -5.4779e-03               +6.3152e-02  +1.8466e-03  +1.2192e+01
 38   1   2  -5.6114e-03               -7.9017e-02  +1.1304e-02  +2.0320e+00
 38   1   3  +9.6658e-03               -4.9039e-02  +3.4543e-02  +0.0000e+00
# TELESCOPE 39 ----------------------------------------------------------------------------------------
 39   1   0  +0.0000e+00               +0.0000e+00  +0.0000e+00  +1.4224e+01
 39   1   1  -6.4798e-03               +9.1703e-02  -8.1240e-03  +1.2192e+01
 39   1   2  -1.5562e-02               +7.7291e-02  -5.0917e-02  +2.0320e+00
 39   1   3  +1.6075e-02               +7.2149e-02  -4.3403e-02  +0.0000e+00
# TELESCOPE 40 ----------------------------------------------------------------------------------------
 40   1   0  +0.0000e+00               +0.0000e+00  +0.0000e+00  +1.4224e+01
 40   1   1  +9.6063e-04               +3.9255e-02  +5.0936e-02  +1.2192e+01
 40   1   2  -1.3464e-02               +5.1632e-02  +8.7627e-02  +2.0320e+00
 40   1   3  +9.3783e-03               +5.5502e-02  +8.1334e-02  +0.0000e+00
# TELESCOPE 41 ----------------------------------------------------------------------------------------
 41   1   0  +0.0000e+00               +0.0000e+00  +0.0000e+00  +1.4224e+01
 41   1   1  -2.4592e-03               +4.7338e-02  +1.8151e-02  +1.2192e+01
 41   1   2  -1.5570e-02               +6.5278e-02  +1.0664e-02  +2.0320e+00
 41   1   3  +1.1111e-02               +4.8322e-02  -7.0973e-03  +0.0000e+00
# TELESCOPE 42 ----------------------------------------------------------------------------------------
 42   1   0  +0.0000e+00               +0.0000e+00  +0.0000e+00  +1.4224e+01
 42   1   1  +1.2220e-04               +2.3152e-02  +6.3348e-03  +1.2192e+01
 42   1   2  -1.5487e-02               -3.4942e-02  -6.4231e-02  +2.0320e+00
 42   1   3  +1.2185e-02               -6.5366e-02  -9.3456e-02  +0.0000e+00
# TELESCOPE 43 ----------------------------------------------------------------------------------------
 43   1   0  +0.0000e+00               +0.0000e+00  +0.0000e+00  +1.4224e+01
 43   1   1  -1.4509e-04               +1.7382e-02  +8.1064e-03  +1.2192e+01
 43   1   2  +4.9684e-03               -1.3486e-01  +1.5912e-01  +2.0320e+00
 43   1   3  -1.5507e-02               -1.6814e-01  +2.2420e-01  +0.0000e+00
# TELESCOPE 44 ----------------------------------------------------------------------------------------
 44   1   0  +0.0000e+00               +0.0000e+00  +0.0000e+00  +1.4224e+01
 44   1   1  -2.8081e-02               +3.1121e-02  -1.7950e-02  +1.2192e+01
 44   1   2  -2.8116e-01               +3.7012e-02  -2.4102e-02  +2.0320e+00
 44   1   3  -2.7637e-01               +6.8901e-02  -3.1570e-03  +0.0000e+00
# TELESCOPE 45 ----------------------------------------------------------------------------------------
 45   1   0  +0.0000e+00               +0.0000e+00  +0.0000e+00  +1.4224e+01
 45   1   1  -7.8183e-05               +4.8038e-02  +4.9871e-02  +1.2192e+01
 45   1   2  -1.5198e-02               +7.5644e-02  +8.9185e-02  +2.0320e+00
 45   1   3  +1.1394e-02               +6.3011e-02  +9.0192e-02  +0.0000e+00
# TELESCOPE 46 ----------------------------------------------------------------------------------------
 46   1   0  +0.0000e+00               +0.0000e+00  +0.0000e+00  +1.4224e+01
 46   1   1  +0.0000e+00               +0.0000e+00  +0.0000e+00  +1.2192e+01
 46   1   2  +0.0000e+00               +0.0000e+00  +0.0000e+00  +2.0320e+00
 46   1   3  +0.0000e+00               +0.0000e+00  +0.0000e+00  +0.0000e+00
# TELESCOPE 47 ----------------------------------------------------------------------------------------
 47   1   0  -3.3777e-04               +6.1394e-02  +3.1254e-02  +1.4224e+01
 47   1   1  -3.6813e-03               +7.7419e-02  +3.9160e-02  +1.2192e+01
 47   1   2  -3.4151e-02               +2.2743e-02  +1.6301e-02  +2.0320e+00
 47   1   3  +0.0000e+00               +0.0000e+00  +0.0000e+00  +0.0000e+00
# TELESCOPE 49 ----------------------------------------------------------------------------------------
 49   1   0  -2.4468e-03               +6.3335e-02  +3.5405e-02  +1.4224e+01
 49   1   1  -8.0438e-03               +9.2111e-02  +4.8133e-02  +1.2192e+01
 49   1   2  -2.4275e-02               +6.3890e-02  +8.0649e-03  +2.0320e+00
 49   1   3  +0.0000e+00               +0.0000e+00  +0.0000e+00  +0.0000e+00
# TELESCOPE 50 ----------------------------------------------------------------------------------------
 50   1   0  -1.3064e-03               +9.5075e-02  +4.6657e-02  +1.4224e+01
 50   1   1  -6.8778e-03               +1.3346e-01  +6.2095e-02  +1.2192e+01
 50   1   2  -3.0247e-02               +4.5783e-02  +2.2378e-02  +2.0320e+00
 50   1   3  +0.0000e+00               +0.0000e+00  +0.0000e+00  +0.0000e+00
# TELESCOPE 51 ----------------------------------------------------------------------------------------
 51   1   0  +1.0286e-01               -1.0749e-02  -1.2495e-02  +1.6256e+01
 51   1   1  +4.9427e-02               +4.8134e-02  +1.2822e-02  +1.4224e+01
 51   1   2  -3.0264e-01               +2.6438e-02  -6.8955e-03  +2.0320e+00
 51   1   3  +0.0000e+00               +0.0000e+00  +0.0000e+00  +0.0000e+00
 51   1   4  -2.0562e-01               -7.2303e-02  -3.5383e-02  +6.0960e+00
 51   1   5  -1.2589e-01               -4.5607e-02  -1.5710e-02  +8.1280e+00
 51   1   6  -6.9287e-02               -3.4807e-02  -1.2326e-03  +1.0160e+01
# TELESCOPE 52 ----------------------------------------------------------------------------------------
 52   1   0  -3.0783e-01               -1.4032e-01  -2.4788e-02  +1.4224e+01
 52   1   1  -2.6448e-01               -1.4120e-01  -1.0214e-02  +1.2192e+01
 52   1   2  -2.5991e-03               +2.2860e-02  -6.9486e-05  +2.0320e+00
 52   1   3  +0.0000e+00               +0.0000e+00  +0.0000e+00  +0.0000e+00
